-10
-6
-4
-9
-5
-6
-15
-8
-17
-5
-18
-10
-16
-11
-13
-12
-4
-4
-3
0
-3
-14
-22
-10
-8
2
-17
-10
-13
-21
-10
-1
-8
-14
-7
-8
-9
-18
-15
-6
-16
-10
-17
-7
-10
-11
-4
-12
-4
-5
-15
-14
-14
-3
-9
-10
-27
-7
-7
-16
-16
-6
-19
-9
-11
-4
-11
-6
-22
-6
-22
-5
-14
-17
-14
-12
-1
-10
-8
-21
-18
-9
-10
-13
2
-13
-8
-14
-22
-11
-16
-12
-11
-23
-6
-3
-12
-2
2
-12
-11
-10
-10
-22
-13
1
-8
-5
0
-6
-8
-14
-14
-18
-8
-9
-11
-13
-6
-16
-9
-14
-10
-8
-23
-17
-5
5
-11
-10
-5
-2
5
-11
-11
-9
2
5
-6
-10
-25
-7
-18
-6
-10
-11
-13
-11
-10
5
-11
-6
-2
-11
-5
-14
0
-19
-13
-11
-10
-6
-37
-11
-4
-7
-3
-18
-2
-18
-30
0
-20
0
-15
-10
-23
-6
-10
-8
-20
-10
-7
-11
-10
-18
-17
-11
-6
-9
-15
