9
13
19
7
4
3
16
6
7
9
21
25
11
1
3
3
4
9
17
27
8
11
5
2
22
2
5
0
4
4
4
15
22
18
0
28
10
22
3
7
17
24
2
18
12
26
28
7
7
11
19
8
2
31
18
3
6
20
16
12
7
18
3
7
24
14
25
26
19
3
8
25
24
12
26
7
30
5
26
20
25
31
5
19
33
24
29
32
28
1
33
12
3
26
30
14
17
19
17
34
8
38
21
24
30
34
21
35
8
36
46
29
31
25
6
31
4
28
17
33
25
16
8
36
4
30
11
33
34
19
22
8
5
24
34
36
11
9
36
36
34
36
19
39
21
30
30
32
15
33
34
28
22
39
35
28
20
9
21
24
31
9
27
38
38
32
30
33
24
26
40
24
35
7
33
19
34
30
28
24
36
7
20
38
44
33
1
1
10
